5.50951
10.8506
16.0317
21.0608
25.9456
30.693
35.3097
39.8022
44.1764
48.4379
52.5921
56.6442
60.599
64.4611
68.2349
71.9245
75.534
79.067
82.5273
85.9182
89.243
92.5049
95.7068
98.8517
101.942
104.981
107.97
110.913
113.811
116.666
119.481
122.258
124.998
127.704
130.376
133.018
135.63
138.213
140.77
143.302
145.809
148.294
150.758
153.201
155.625
158.031
160.42
162.793
165.151
167.494
169.825
172.143
174.449
176.745
179.031
181.307
183.575
185.835
188.087
190.334
192.574
194.809
197.039
199.265
201.488
203.707
205.924
208.139
210.352
212.564
214.775
216.986
219.197