0.00000
1.73618
3.45424
5.15051
6.82165
8.46461
10.0766
11.6551
13.1977
14.7023
16.1669
17.5898
18.9693
20.3038
21.592
22.8326
24.0244
25.1663
26.2573
27.2966
28.2832
29.2163
30.0954
30.9196
31.6885
32.4015
33.058
33.6577
34.2
34.6847
35.1115
35.4799
35.7898
36.041
36.2332
36.3664
36.4404
36.455
36.4104
36.3063
36.143
35.9203
35.6384
35.2974
34.8974
34.4387
33.9213
33.3456
32.7118
32.0202
31.2712
30.4651
29.6023
28.6833
27.7084
26.6782
25.5932
24.4538
23.2607
22.0145
20.7157
19.3651
17.9631
16.5106
15.0081
13.4565
11.8564
10.2085
8.51371
6.77268
4.98622
3.15511
1.28016
